Wed. Jun. 18, 2014             LANDSAT 5                 Time: 02:21
                         Image Assessment System
                           GCP Residual Report
----------------------------------------------------------------------------
WOID: L12050383            Path/Row: 224 / 063

L0R Reference Image: L51CUB1011210130101_HDF.141690354
Acquisition Date: Jul 29, 2011

Band Number:  5

GeoCover date for each WRS-2 path/row used:
Path  Row   Date
224   063   2001-07-09


Point_ID      Latitude  Longitude    Height       Across    Along    Residual  Residual
                                                   Scan      Scan      In y      in x
                                                 Residual  Residual    dir       dir
                (deg)     (deg)     (meters)     (meters)  (meters)  (meters)  (meters)

2240630005   -3.827743  -49.461839    36.817       3.411    -4.088     3.962    -3.555
2240630006   -3.752937  -49.505185    49.305      -1.117    -2.993    -0.676    -3.121
2240630009   -3.880287  -49.564393    47.345       0.060     3.954    -0.509     3.921
2240630010   -3.767493  -49.450872    37.337      -2.971    -4.104    -2.350    -4.487
2240630011   -3.800553  -49.585865    63.374       1.798     1.421     1.574     1.664
2240630012   -3.755168  -49.541103    56.575       2.648     3.167     2.165     3.514
2240630013   -3.834385  -49.535838    56.933      -0.843     2.440    -1.184     2.293
2240630015   -3.751841  -49.665623   -11.062      -3.677     0.878    -3.764     0.341
2240630016   -3.727985  -49.510629    34.234      -4.429    -1.453    -4.174    -2.074
2240630018   -3.869117  -50.450303    77.672       3.016     3.352     2.502     3.749
2240630019   -4.195445  -50.013283    94.764       2.535    -3.350     2.989    -2.949
2240630020   -4.371367  -49.424581    50.410      -1.418    -2.337    -1.067    -2.516
2240630021   -3.828191  -49.563130    45.215       4.725     4.379     4.046     5.012
2240630022   -3.832717  -49.677925   129.181      -6.695     2.299    -6.953     1.314
2240630023   -4.499645  -49.831461    86.959       0.314    -1.377     0.508    -1.316
2240630024   -3.827507  -49.481827    46.780      -1.825     4.777    -2.492     4.464
2240630025   -3.783637  -49.529441    46.928      -0.490    -0.989    -0.343    -1.048
2240630026   -3.779088  -49.567263    67.688       2.824     5.787     1.962     6.130
2240630028   -3.906065  -49.734544    62.924      -1.063    -1.304    -0.864    -1.442
2240630029   -3.966521  -49.538310    46.281       3.249     5.495     2.425     5.903
2240630030   -4.416320  -49.386105    55.489      -0.869     0.617    -0.948     0.486
2240630031   -4.313394  -50.160462    99.213      -5.963    -3.764    -5.357    -4.580
2240630033   -3.907840  -49.835854    68.161      -0.741    -3.136    -0.283    -3.208
2240630034   -3.665910  -49.544760    30.354       3.494     1.351     3.263     1.838
2240630035   -5.017558  -49.941255   104.893       4.251    -1.572     4.430    -0.944
2240630036   -4.397121  -49.548595    44.000       1.815     5.296     1.034     5.501
2240630037   -3.965084  -49.827669    45.000      -0.029     3.247    -0.495     3.208
2240630038   -4.523741  -49.380734    56.794       0.685    -3.935     1.244    -3.795
2240630039   -4.167112  -49.745761    71.353      -1.402     2.087    -1.687     1.863
2240630040   -4.014018  -50.114840    97.835       6.109     1.117     5.881     1.982
2240630041   -4.254350  -50.274060    81.499       1.937    -0.653     2.010    -0.367
2240630042   -3.708642  -49.464209    33.370       0.543     0.136     0.517     0.213
2240630043   -4.156607  -50.227121   103.864       0.714    -6.574     1.650    -6.399
2240630045   -3.970645  -49.926012    55.425      -1.872    -5.441    -1.071    -5.651
2240630046   -4.151387  -50.164691   142.711       2.510     0.735     2.377     1.087
2240630047   -5.160897  -49.824103    86.847      -5.024     4.316    -5.591     3.547
2240630049   -4.052043  -49.732430    72.060      -3.425    -5.208    -2.640    -5.643
2240630051   -4.636277  -49.756873   110.957       4.418    -3.788     4.914    -3.112
2240630052   -4.990442  -49.655044    85.467      -4.019     3.246    -4.442     2.633
2240630054   -5.112872  -49.983859   113.690       4.355    -1.999     4.595    -1.351
2240630057   -4.755032  -49.445108    50.993      -3.387    -0.511    -3.277    -0.992
2240630058   -3.876714  -49.704061    44.349      -0.060     2.767    -0.457     2.729
2240630060   -4.743597  -49.551143   116.161       0.490    -1.323     0.675    -1.238
2240630061   -4.483567  -49.965863    61.694      -0.995     4.553    -1.639     4.360
2240630062   -4.168077  -50.760143   118.789      -3.785    -1.511    -3.527    -2.038
2240630065   -3.862295  -49.679500    60.704       1.663    -0.040     1.651     0.200
2240630066   -3.733332  -49.813940    67.979       0.299     5.327    -0.470     5.313
2240630067   -4.962058  -49.455184    62.944       1.007     1.907     0.722     2.031
2240630068   -4.000290  -49.458823    53.422      -4.627    -4.308    -3.958    -4.927
2240630069   -4.016665  -49.844889    79.723      -0.109     0.733    -0.213     0.709
2240630070   -4.882059  -50.060236   107.015      -0.470     5.509    -1.257     5.382
2240630071   -4.672122  -49.494776    50.785       2.962     1.207     2.757     1.620
2240630072   -4.042230  -49.704344    44.000       0.496     1.949     0.211     2.000
2240630074   -3.999097  -49.710357    44.000      -2.033     0.898    -2.140     0.597
2240630077   -4.898010  -49.446135    65.094       1.709     6.244     0.792     6.423
2240630078   -4.249647  -49.959966   102.276       1.018     1.994     0.720     2.119
2240630080   -4.927912  -49.471493    75.985       1.360    -5.201     2.094    -4.950
2240630081   -5.043455  -49.458239   105.033       3.913     1.258     3.689     1.808
2240630083   -3.989942  -50.188637    97.765       2.399     4.506     1.725     4.801
2240630084   -4.011808  -49.864351    45.000      -3.217     3.031    -3.618     2.537
2240630085   -4.051668  -49.512492    65.094       1.572     5.275     0.797     5.445
2240630086   -4.525140  -49.399654    53.304      -1.409    -3.937    -0.827    -4.098
2240630087   -3.762617  -49.309633    76.550      -6.875    -2.432    -6.453    -3.393
2240630088   -3.662806  -49.473199    44.200       1.548     2.968     1.105     3.159
2240630089   -3.670360  -49.448611    28.025       6.430     2.540     5.996     3.437
2240630090   -3.885792  -49.787255    41.434       3.852     3.646     3.286     4.160
2240630091   -4.448733  -49.445773    64.658       1.838    -3.979     2.390    -3.672
2240630092   -5.156270  -49.439029   111.232       6.308     4.952     5.527     5.806
2240630093   -4.317722  -49.755789    53.692      -0.366    -3.403     0.126    -3.418
2240630094   -3.905546  -49.947710    65.416      -4.853    -3.875    -4.244    -4.530
2240630096   -3.792783  -49.832228    51.928       0.352     1.241     0.170     1.278
2240630097   -4.594741  -49.467632    65.072      -0.242    -2.880     0.175    -2.884
2240630098   -4.416637  -49.407458    52.804       2.614     2.378     2.244     2.729
2240630099   -4.427121  -49.629633    65.310      -5.645    -0.486    -5.515    -1.292
2240630100   -3.732340  -49.688881    32.826       2.980     5.649     2.137     6.016
2240630101   -4.811185  -49.565876    77.772      -0.810     3.444    -1.297     3.291
2240630102   -4.172219  -49.893583   109.903       5.108    -1.925     5.329    -1.170
2240630103   -4.583978  -49.797795   130.137       2.707     0.524     2.602     0.907
2240630104   -4.113833  -49.530751    82.022      -1.347     0.109    -1.348    -0.086
2240630105   -3.838261  -50.598119    91.871       2.776     1.648     2.508     2.029
2240630106   -4.237580  -50.072426    78.741       1.060    -0.675     1.145    -0.515
2240630107   -4.673304  -49.415547    44.000       3.990     5.432     3.166     5.948
2240630108   -4.034652  -49.554941    54.913       0.509     2.957     0.078     2.998
2240630109   -4.459860  -50.862268   327.466       2.988     1.908     2.679     2.316
2240630110   -4.511133  -49.446182    44.000      -1.255    -1.873    -0.972    -2.033
2240630111   -4.174330  -50.055203    94.442      -3.424    -5.864    -2.545    -6.292
2240630112   -4.671539  -49.356065    53.181       5.819     1.042     5.607     1.868
2240630113   -4.784195  -49.505352   128.591      -5.383     2.004    -5.613     1.209
2240630114   -4.212206  -49.964340    86.211       0.785     2.420     0.428     2.507
2240630116   -4.511080  -49.421311    47.800       0.627    -0.248     0.656    -0.155
2240630117   -4.249345  -49.937532    90.227      -4.326     2.774    -4.677     2.122
2240630120   -4.149528  -50.546341    85.225      -2.595    -4.578    -1.910    -4.900
2240630121   -3.826549  -49.725748    44.000       2.587     4.653     1.890     4.975
2240630125   -4.550095  -49.397707    44.000       2.902    -4.199     3.475    -3.737
2240630126   -3.846104  -50.544346   142.546       0.295     6.837    -0.690     6.803
2240630127   -4.642498  -49.350725    49.004       4.690    -1.576     4.866    -0.885
2240630130   -4.580765  -49.403857    47.778      -5.439    -1.565    -5.156    -2.330
2240630131   -4.707323  -49.463062    67.801      -3.805    -2.535    -3.399    -3.055
2240630132   -4.788733  -49.737669   152.955      -5.903    -2.595    -5.465    -3.414
2240630133   -3.838823  -50.641891    59.767      -4.622    -6.948    -3.573    -7.536
2240630134   -4.220258  -49.722974    45.000       5.435     2.179     5.063     2.937
2240630135   -4.629962  -49.445115    58.308       0.808     4.736     0.119     4.802
2240630136   -4.355516  -49.370560    73.904      -0.022    -5.685     0.796    -5.628
2240630137   -3.813827  -49.746567    44.568      -2.155     4.910    -2.837     4.548
2240630138   -4.859143  -49.415662    55.958      -4.093     3.842    -4.602     3.213
2240630140   -4.873612  -50.553737   153.633       3.722     3.224     3.217     3.723
2240630142   -4.481872  -49.600064    45.937      -1.252     0.191    -1.266     0.009
2240630143   -4.079401  -49.702934    49.685       4.153    -0.103     4.123     0.495
2240630144   -4.328734  -50.301295   130.014      -6.870    -0.707    -6.693    -1.686
2240630145   -3.599108  -49.685294     3.900      -0.351    -4.374     0.280    -4.378
2240630147   -4.588616  -49.521990    64.222      -5.732    -3.775    -5.128    -4.558
2240630148   -4.342990  -49.956596   126.961      -3.365    -4.933    -2.620    -5.362
2240630150   -4.201935  -49.995707   117.796      -2.097     0.021    -2.077    -0.280
2240630151   -4.442467  -50.325795   114.373      -4.433    -0.081    -4.372    -0.717
2240630152   -4.456006  -50.685149   179.076       6.840     3.411     6.273     4.356
2240630153   -3.806590  -49.808978    59.199       0.985     4.955     0.263     5.043
2240630155   -3.858855  -49.736776    61.160       0.212    -1.293     0.396    -1.248
2240630156   -4.839459  -49.593135   109.030      -3.661    -2.136    -3.314    -2.639
2240630157   -3.793045  -49.196957    79.108      -3.847    -5.020    -3.085    -5.519
2240630158   -3.909376  -49.771282    66.006      -0.404    -2.318    -0.067    -2.351
2240630160   -4.295115  -49.874757    49.928       0.995    -1.285     1.169    -1.127
2240630162   -3.884799  -49.853176    48.108      -2.167     1.509    -2.360     1.181
2240630163   -4.570287  -49.581509    98.619       0.414    -2.138     0.716    -2.055
2240630164   -4.453730  -50.192482   150.820      -0.326     4.023    -0.900     3.932
2240630165   -4.163243  -50.088189   106.761      -1.525    -0.791    -1.395    -1.001
2240630167   -3.941891  -49.740164    48.725       1.137    -0.626     1.215    -0.456
2240630168   -4.566060  -49.379558    46.836      -3.554    -0.840    -3.396    -1.342
2240630169   -4.376372  -49.780022    54.081      -0.945     1.700    -1.179     1.546
2240630170   -4.244777  -49.478350    57.881       2.088     0.237     2.031     0.535
2240630171   -4.426579  -50.179803   135.235      -1.826     1.284    -1.991     1.007
2240630172   -4.559602  -49.530160    48.645       2.980    -1.878     3.218    -1.429
2240630173   -4.067822  -50.182615   100.802      -2.953    -3.527    -2.414    -3.913
2240630174   -3.835829  -50.621628    80.024      -4.259     0.704    -4.314     0.085
2240630175   -4.675159  -49.396074    44.406       2.525     1.809     2.237     2.154
2240630176   -3.771783  -49.756082    50.648       1.635    -4.455     2.257    -4.172
2240630177   -4.102257  -49.928812    76.415       4.434     1.840     4.122     2.457
2240630178   -4.469480  -49.379772    91.058       6.887     3.284     6.341     4.239
2240630179   -4.734564  -49.645815    72.967       0.081     3.489    -0.422     3.463
2240630180   -3.988596  -49.762519    86.154       1.405    -6.461     2.318    -6.189
2240630181   -3.770337  -49.374165    17.003      -0.133    -0.009    -0.130    -0.028
2240630182   -3.775541  -49.400623    30.992      -5.501    -0.527    -5.367    -1.311
2240630183   -3.807841  -49.562623    46.786       1.386     0.136     1.352     0.334
2240630184   -3.621752  -49.423041    49.081      -0.433    -2.313    -0.097    -2.350
2240630185   -4.276222  -50.166180   111.912       0.504    -6.935     1.494    -6.786
2240630186   -4.820085  -49.419539    49.436       4.502    -3.675     4.982    -2.988
2240630187   -4.420169  -50.656773   120.167       4.639    -6.679     5.546    -5.937
2240630191   -4.287994  -49.385027    44.000       2.034     0.700     1.912     0.985
2240630192   -3.759702  -49.850101    62.485       1.014    -0.868     1.128    -0.712
2240630193   -4.101088  -49.690739    46.856       2.891     6.600     1.911     6.944
2240630195   -4.078261  -50.318544    68.797      -1.771     3.049    -2.190     2.762
2240630196   -4.725525  -49.474380    49.160      -4.598    -5.422    -3.769    -6.025
2240630197   -4.558349  -50.327311   128.731      -4.673     6.808    -5.600     6.061
2240630198   -4.980825  -49.730817   148.800      -6.169    -5.078    -5.371    -5.910
2240630200   -4.612482  -49.392971    44.000       1.051     2.404     0.694     2.530
2240630201   -4.365090  -49.407026    57.771       0.053    -1.193     0.224    -1.172
2240630202   -3.772467  -49.502721    47.971      -2.306     4.664    -2.952     4.284
2240630203   -4.697054  -49.481743    57.479       4.298    -1.665     4.491    -1.029
2240630204   -4.013709  -49.685206    61.259       1.007     2.450     0.645     2.569
2240630205   -4.061752  -49.537601    52.242      -0.858    -1.380    -0.650    -1.488
2240630207   -4.042316  -49.758655    51.887      -0.359    -2.893     0.060    -2.913
2240630208   -3.592582  -50.477756    29.966      -0.044    -0.221    -0.012    -0.225
2240630209   -4.427259  -49.426626    54.044       1.390     0.445     1.311     0.640
2240630210   -4.451791  -50.442057   103.079       2.852    -2.508     3.181    -2.070
2240630212   -4.569590  -49.642075    69.013       1.410    -2.579     1.766    -2.349
2240630214   -4.430599  -49.928627    53.874      -0.320    -0.868    -0.192    -0.904
2240630215   -4.883549  -49.411277    44.000      -4.337     5.551    -5.089     4.869
2240630216   -4.905330  -49.697416    89.937       0.182     1.211     0.006     1.224
2240630217   -4.173338  -50.136018   133.770       3.215     0.201     3.151     0.661
2240630218   -4.298130  -49.895567    51.128       1.626    -6.664     2.567    -6.358
2240630219   -4.060299  -49.808347    75.439       2.296    -2.188     2.586    -1.834
2240630220   -3.762054  -49.603484    32.818       3.455    -6.166     4.304    -5.604
2240630224   -3.991769  -49.547181    46.373      -0.900     3.488    -1.392     3.322
2240630229   -4.161636  -49.714962    50.945       2.404     4.391     1.747     4.690
2240630230   -3.621752  -49.586959    24.504       1.050    -4.617     1.702    -4.417
2240630231   -5.017122  -49.699632    80.489       0.437    -5.774     1.263    -5.648
2240630232   -3.943911  -50.302172    88.636       3.079    -5.157     3.785    -4.658
2240630233   -4.099165  -49.851798    95.198      -3.154    -3.210    -2.659    -3.628
2240630234   -4.507309  -49.565411    44.000      -1.522     2.566    -1.875     2.320
2240630235   -4.007340  -49.776811    62.841      -2.208    -2.542    -1.819    -2.832
2240630236   -3.736799  -49.770177    60.844       2.545     1.054     2.366     1.408
2240630237   -3.918085  -49.789100    48.210      -0.308     0.752    -0.413     0.699
2240630239   -5.058281  -50.137653   104.482      -3.168     6.141    -4.017     5.618
2240630240   -4.035591  -49.797575    62.794      -1.867    -2.422    -1.499    -2.664
2240630241   -4.452609  -49.356833    56.237      -0.451    -5.349     0.323    -5.357
2240630242   -3.818505  -49.791673    47.457      -0.932     3.745    -1.461     3.571
2240630244   -4.137431  -49.681222    53.506       3.301    -1.739     3.515    -1.246
2240630245   -4.001250  -49.882739    45.000      -5.721     3.937    -6.225     3.072
2240630247   -3.717353  -49.837191    67.034      -2.335     1.080    -2.465     0.734
2240630248   -4.351451  -49.992268   110.888      -5.884     5.718    -6.642     4.810
2240630249   -4.085986  -50.165570   104.343       5.963    -5.363     6.667    -4.447
2240630250   -4.458213  -49.316005    55.155      -1.728    -6.102    -0.832    -6.286
